0 9.80857
1 9.22148
2 8.50751
3 6.61307
4 7.48506
5 9.22283
6 9.15166
7 6.75884
8 8.16962
9 9.00212
10 7.94295
11 7.17247
12 6.35457
13 8.20833
14 6.35688
15 6.32661
16 10.7733
17 8.42068
18 12.364
19 6.23267
20 9.10631
21 7.39422
22 7.08225
23 9.03253
24 10.2407
25 8.14393
26 8.24424
27 9.13857
28 9.63285
29 7.05498
30 8.13845
31 8.7669
32 8.77121
33 8.53399
34 8.25322
35 9.4956
36 8.81151
37 8.63701
38 9.41802
39 6.53718
40 9.72105
41 6.80922
42 9.09495
43 10.0615
44 9.7332
45 8.20343
46 8.81785
47 8.49112
48 11.076
49 8.3963
50 9.95303
51 6.68642
52 6.59782
53 5.45034
54 5.91633
55 6.96016
56 5.83445
57 5.79595
58 7.80826
59 6.48169
60 6.13482
61 9.48128
62 8.21029
63 7.53598
64 7.10554
65 7.68781
66 7.14564
67 9.44835
68 7.13325
69 6.89751
70 5.72246
71 5.98711
72 7.41521
73 6.35305
74 7.47935
75 8.86351
76 7.0809
77 9.61719
78 8.7321
79 8.81359
80 6.24032
81 6.56546
82 7.00857
83 7.52813
84 6.83875
85 6.36008
86 6.32401
87 6.23835
88 6.56804
89 6.50685
90 6.62783
91 9.28062
92 12.302
93 9.43914
94 6.46744
95 7.59445
96 5.65998
97 6.45374
98 8.14118
99 7.7837
100 5.55563
101 8.03347
102 6.80979
103 7.72072
104 7.25057
105 7.73744
106 5.46674
107 8.67291
108 8.90471
109 9.26314
110 8.93756
111 8.16367
112 7.38283
113 7.53524
114 8.17201
115 6.85615
116 8.35666
117 9.33885
118 6.81093
119 10.7819
120 5.44969
121 6.57297
122 6.24099
123 8.32905
124 8.77216
125 6.39586
126 7.56455
127 6.23296
128 8.7079
129 6.17633
130 7.51172
131 8.08955
132 8.70732
133 7.23397
134 9.25067
135 6.28357
136 6.23267
137 6.34882
138 10.0414
139 9.70211
140 8.87482
141 8.86394
142 6.23258
143 11.6118
144 5.3753
145 8.11233
146 6.23213
147 10.0647
148 8.96383
149 8.47514
150 6.23267
151 7.24594
152 6.47618
153 7.67539
154 8.45302
155 6.34745
156 6.3648
157 6.23294
158 6.71829
159 8.45395
160 8.12068
161 8.71008
162 6.22793
163 7.52965
164 9.077
165 6.42615
166 6.23419
167 9.68602
168 6.23364
169 6.72216
170 7.97969
171 7.0869
172 7.35996
173 7.1377
174 7.12677
175 6.2336
176 5.44923
177 6.233
